CHROM	POS	all_v_m	all_v_p	m_v_p
HiC_scaffold_1057	4162	0.394684	0.407976	1
HiC_scaffold_1057	4170	0.0901483	0.839968	1
HiC_scaffold_2536	17006	0.220005	0.576532	1
HiC_scaffold_2536	17049	0.141796	0.636594	1
HiC_scaffold_2536	17168	0.139531	0.638605	1
HiC_scaffold_2536	17197	0.0361888	0.907216	1
HiC_scaffold_2536	17237	0.144558	0.709183	1
HiC_scaffold_2536	17240	0.0421893	0.906105	1
HiC_scaffold_2730	9124	0.212049	0.751987	1
HiC_scaffold_4197	11190	0.676695	0.326736	1
HiC_scaffold_4197	12985	0.358539	0.59511	1
HiC_scaffold_5122	12731	0.0407986	0.888598	1
HiC_scaffold_5211	9856	0.0894679	0.775773	1
HiC_scaffold_5227	4583	0.16188	0.88298	1
HiC_scaffold_5227	4602	0.193645	0.806383	1
HiC_scaffold_7153	7358	0.502614	0.218414	1
HiC_scaffold_6	915821	0.233094	0.833371	1
HiC_scaffold_6	922547	0.240727	0.755877	1
HiC_scaffold_6	932141	0.235151	0.757485	1
HiC_scaffold_6	940341	0.257195	0.693155	1
HiC_scaffold_6	942864	0.0799868	0.826763	1
HiC_scaffold_19	5160305	0.116455	0.709152	1
HiC_scaffold_23	2517062	0.0361272	0.931004	1
HiC_scaffold_31	501192	0.46688	0.528268	1
HiC_scaffold_31	581735	0.0618117	0.911542	1
HiC_scaffold_31	794155	0.196436	0.740283	1
HiC_scaffold_11	5182820	0.156975	0.786549	1
HiC_scaffold_11	8338301	0.0703539	0.872378	1
HiC_scaffold_11	20045841	0.350982	0.416607	1
HiC_scaffold_11	21635002	0.219415	0.724854	1
HiC_scaffold_11	21635003	0.215381	0.721863	1
HiC_scaffold_11	21671541	0.120011	0.802236	1
HiC_scaffold_14	14947447	0.128629	0.791152	1
HiC_scaffold_14	14947467	0.0751912	0.860087	1
HiC_scaffold_14	20692789	0.153298	0.702055	1
HiC_scaffold_14	20695678	0.19225	0.621106	1
HiC_scaffold_14	20714447	0.0801965	0.838109	1
HiC_scaffold_14	20776866	0.229856	0.731304	1
HiC_scaffold_14	20789846	0.401136	0.54075	1
HiC_scaffold_14	20789869	0.352203	0.591751	1
HiC_scaffold_14	20789880	0.504521	0.442933	1
HiC_scaffold_14	20789891	0.509144	0.440691	1
HiC_scaffold_14	20835413	0.439292	0.530516	1
HiC_scaffold_14	24558463	0.231654	0.721256	1
HiC_scaffold_16	10043643	0.467762	0.544306	1
HiC_scaffold_16	10074654	0.245416	0.737232	1
HiC_scaffold_16	10075093	0.603961	0.366753	1
HiC_scaffold_16	10077607	0.659569	0.322089	1
HiC_scaffold_16	10077680	0.247992	0.720448	1
HiC_scaffold_16	10078271	0.331349	0.608357	1
HiC_scaffold_16	10078310	0.301601	0.666567	1
HiC_scaffold_16	10082147	0.265759	0.705954	1
HiC_scaffold_16	12364389	0.251224	0.686924	1
HiC_scaffold_16	12364403	0.521219	0.389558	1
HiC_scaffold_18	1587698	0.832258	0.0537361	1
HiC_scaffold_18	1587701	0.870968	0.0372918	1
HiC_scaffold_1	17727352	0.0288112	0.864591	1
HiC_scaffold_1	28370551	0.185982	0.742256	1
HiC_scaffold_1	45165460	0.18814	0.744898	1
HiC_scaffold_21	9150348	0.0416113	0.921517	1
HiC_scaffold_21	9150351	0.0323524	0.928383	1
HiC_scaffold_21	33678370	0.148275	0.821813	1
HiC_scaffold_24	4488736	0.0530709	0.755897	1
HiC_scaffold_24	4488755	0.063994	0.820396	1
HiC_scaffold_24	5059509	0.55169	0.366857	1
HiC_scaffold_24	5059514	0.485567	0.425993	1
HiC_scaffold_24	5059638	0.409294	0.509929	1
HiC_scaffold_24	20207463	0.0756537	0.872558	1
HiC_scaffold_26	309632	0.257843	0.700368	1
HiC_scaffold_26	309653	0.344497	0.498095	1
HiC_scaffold_26	456461	0.576521	0.365336	1
HiC_scaffold_26	457015	0.254997	0.710417	1
HiC_scaffold_26	457859	0.36704	0.617327	1
HiC_scaffold_26	458418	0.263132	0.69974	1
HiC_scaffold_26	459699	0.610949	0.338617	1
HiC_scaffold_26	459702	0.412535	0.510023	1
HiC_scaffold_26	459946	0.422767	0.509564	1
HiC_scaffold_26	460694	0.315138	0.654191	1
HiC_scaffold_26	464497	0.348754	0.664531	1
HiC_scaffold_26	1456493	0.0674636	0.821237	1
HiC_scaffold_26	12620171	0.494104	0.462792	1
HiC_scaffold_26	13271603	0.691876	0.19136	1
HiC_scaffold_26	13294297	0.802358	0.137948	1
HiC_scaffold_26	13294316	0.811675	0.138113	1
HiC_scaffold_26	13294340	0.80899	0.141972	1
HiC_scaffold_27	7218424	0.196574	0.729747	1
HiC_scaffold_34	13531357	0.666427	0.393746	1
HiC_scaffold_34	32230159	0.0661308	0.886485	1
HiC_scaffold_34	32230162	0.062674	0.889282	1
HiC_scaffold_34	32230165	0.0571227	0.900524	1
HiC_scaffold_37	6315455	0.353999	0.657172	1
HiC_scaffold_37	6315687	0.320573	0.647602	1
HiC_scaffold_37	6328710	0.148677	0.842777	1
HiC_scaffold_37	6328739	0.0986335	0.93738	1
HiC_scaffold_37	6328759	0.0913238	0.944509	1
HiC_scaffold_37	6329226	0.230486	0.707124	1
HiC_scaffold_37	6329265	0.178629	0.820697	1
HiC_scaffold_37	6329379	0.228142	0.723201	1
HiC_scaffold_37	6329444	0.153249	0.850084	1
HiC_scaffold_37	6330546	0.125935	0.859266	1
HiC_scaffold_37	6331156	0.444449	0.531575	1
HiC_scaffold_37	6334623	0.261999	0.661373	1
HiC_scaffold_37	8434336	0.628323	0.178628	1
HiC_scaffold_37	12962130	0.850927	0.0346339	1
HiC_scaffold_37	12962180	0.843549	0.041609	1
HiC_scaffold_43	20300988	0.140718	0.838302	1
HiC_scaffold_43	20301002	0.123184	0.860884	1
HiC_scaffold_43	27387620	0.100828	0.917101	1
HiC_scaffold_43	27387629	0.125621	0.905901	1
HiC_scaffold_43	27391700	0.345761	0.565052	1
HiC_scaffold_43	27391723	0.253896	0.681857	1
HiC_scaffold_43	27432489	0.237928	0.676538	1
HiC_scaffold_43	27483008	0.138517	0.862289	1
HiC_scaffold_43	27483025	0.0463229	0.951688	1
HiC_scaffold_44	26325726	0.07524	0.899918	1
HiC_scaffold_46	3027644	0.116027	0.852262	1
HiC_scaffold_46	12354062	0.157117	0.754478	1
HiC_scaffold_46	17082652	0.042214	0.913862	1
HiC_scaffold_47	16197243	0.316152	0.612866	1
HiC_scaffold_47	16197244	0.289808	0.651212	1
HiC_scaffold_4	8401080	0.0354562	0.930873	1
HiC_scaffold_52	2749377	0.373336	0.477521	1
HiC_scaffold_52	8315912	0.122465	0.717746	1
HiC_scaffold_52	17583694	0.47013	0.446124	1
HiC_scaffold_52	17583744	0.415042	0.496862	1
HiC_scaffold_52	17583782	0.472413	0.444997	1
HiC_scaffold_52	17583807	0.43614	0.447816	1
HiC_scaffold_52	17583838	0.303705	0.492584	1
HiC_scaffold_52	17583893	0.290198	0.607008	1
HiC_scaffold_52	17583923	0.330594	0.57392	1
HiC_scaffold_52	17583941	0.415801	0.462489	1
HiC_scaffold_52	17584005	0.261691	0.616988	1
HiC_scaffold_52	19443497	0.0476027	0.90833	1
HiC_scaffold_52	30385807	0.415011	0.431565	1
HiC_scaffold_52	30385866	0.121609	0.818106	1
HiC_scaffold_53	9359584	0.536137	0.439192	1
HiC_scaffold_53	10912638	0.803089	0.222515	1
HiC_scaffold_53	10916173	0.666427	0.305185	1
HiC_scaffold_53	10920300	0.794093	0.20264	1
HiC_scaffold_53	11090497	0.48607	0.472175	1
HiC_scaffold_53	11100395	0.140116	0.814773	1
HiC_scaffold_53	24717176	0.223934	0.767224	1
HiC_scaffold_53	24728002	0.337898	0.497406	1
HiC_scaffold_53	24728035	0.297474	0.545027	1
HiC_scaffold_53	24728046	0.253034	0.583514	1
HiC_scaffold_53	24728089	0.234453	0.591147	1
HiC_scaffold_5	27083223	0.594217	0.366352	1
HiC_scaffold_7	20989216	0.0194145	0.897059	1
HiC_scaffold_7	20989227	0.0186563	0.895522	1
HiC_scaffold_7	20989229	0.0190978	0.894737	1
HiC_scaffold_8	15271123	0.301555	0.277093	1
HiC_scaffold_8	16318382	0.614163	0.317262	1
HiC_scaffold_8	16318392	0.611096	0.327788	1
HiC_scaffold_8	16318399	0.567892	0.363403	1
HiC_scaffold_8	16318434	0.584068	0.345124	1
HiC_scaffold_9	23910497	0.142071	0.775006	1
HiC_scaffold_14545	1221	0.517231	0.526346	1
